MAE: 6.651660061059215
RMSE: 14.816478103185586
