MAE: 6.735045450629708
RMSE: 14.941511010002236
Accuracy: 0.9644393675848473
