Accuracy: 0.959813520016619
MAE: 7.611162985773073
RMSE: 15.675050721704027
